0	0 1 0 1 0 1 1 0 1 1 1 0 1 1 0 1 0 1 0 1 1 1 0 0 0 1 0 0 0 1 0 0 1 0 1 1 1 0 1 1 1 1 0 0 0 0 1 1 0 0 1 0 0 1 1 1 1 0 1 1 1 1 1 1 0 1 1 1 0 1 0 1 1 0 0 0 1 0 1 0 0 0 1 1 1 1 0 0 0 1 1 1 1 1 1 0 0 0 1 1
1	0 1 0 0 1 0 1 0 1 0 0 0 0 0 0 1 1 1 1 0 0 0 0 0 1 0 0 0 1 0 1 0 0 0 0 1 0 1 0 0 0 0 1 0 0 0 1 0 0 1 0 0 1 1 0 0 0 1 0 0 1 1 1 1 1 0 1 0 1 0 1 0 0 1 0 0 0 1 0 1 1 0 0 1 0 1 1 0 1 0 1 0 0 0 0 1 1 0 1 1
2	1 0 0 0 1 1 1 0 1 0 1 1 0 1 0 0 1 1 0 0 1 0 1 0 1 0 1 0 1 1 0 1 1 0 1 1 1 0 0 1 0 1 1 0 1 0 1 1 0 1 1 1 1 0 0 1 0 1 0 1 1 0 0 1 0 0 0 0 1 1 0 1 0 1 1 1 0 0 1 1 0 0 1 1 1 1 0 0 0 1 0 1 1 1 0 0 1 0 0 1
3	1 0 1 0 0 1 0 0 1 0 0 1 0 1 1 0 1 0 0 1 0 0 1 0 0 1 0 0 0 1 1 1 0 1 1 0 0 1 1 0 0 0 1 0 1 0 0 0 0 1 1 1 1 0 0 1 0 0 0 1 1 1 1 0 0 1 1 1 0 1 0 1 0 0 1 0 0 0 0 1 1 1 0 0 1 0 1 1 1 1 0 0 0 0 1 1 1 1 1 0
4	1 1 1 1 1 0 0 1 0 1 0 0 1 1 0 1 1 0 0 1 0 1 1 1 1 0 1 1 1 0 1 0 0 0 1 1 0 1 1 0 1 1 0 1 0 1 0 0 0 0 0 0 1 1 0 1 1 1 1 0 0 0 0 0 0 0 1 0 1 1 0 0 1 0 0 0 1 0 1 0 0 0 1 1 0 0 1 0 1 0 1 0 0 1 1 1 1 0 0 1
5	0 0 0 0 0 1 0 0 0 0 1 1 0 0 0 0 1 0 1 0 0 1 1 1 0 1 0 0 0 1 1 1 1 1 1 0 0 0 0 1 0 0 1 1 0 1 1 0 1 0 0 0 1 0 0 1 0 0 0 1 0 0 1 0 1 1 1 1 0 0 0 1 0 1 1 0 1 0 1 0 0 1 0 0 0 1 0 0 0 1 0 1 1 1 0 0 1 0 0 1
6	0 0 0 1 0 1 0 1 1 0 1 0 0 1 0 1 0 0 1 0 0 0 1 1 0 1 1 1 1 0 1 0 0 1 1 1 1 0 0 0 1 1 1 1 1 0 1 0 1 1 0 1 0 0 0 0 1 0 0 0 0 1 0 0 0 0 0 0 1 1 0 1 0 0 0 0 0 1 1 0 1 0 0 0 0 0 0 1 0 0 0 0 0 0 0 1 0 1 1 0
7	1 0 1 0 0 0 1 0 0 0 1 1 0 1 0 0 1 1 1 0 1 1 0 1 0 1 1 0 1 0 0 1 0 0 1 1 1 1 1 0 0 0 1 0 0 0 1 1 1 0 1 0 1 0 0 0 1 1 0 0 0 1 1 0 0 0 1 0 0 0 0 1 0 0 0 1 0 0 1 0 0 0 1 1 0 0 1 1 1 1 0 1 0 0 1 0 1 1 1 0
8	0 0 1 1 0 0 1 0 0 0 0 1 0 0 0 0 1 1 0 1 0 1 1 1 1 1 1 1 0 0 1 0 0 0 1 0 1 1 0 0 1 0 0 0 1 0 0 1 0 1 1 0 1 1 0 1 1 1 1 1 0 0 1 0 1 0 1 0 1 0 1 1 1 1 0 0 1 1 1 0 0 1 0 0 0 0 1 0 1 1 0 1 0 0 0 1 0 1 0 0
9	1 1 0 1 0 1 1 0 0 0 0 1 0 1 1 1 0 0 0 1 1 0 1 1 0 0 0 0 1 1 1 0 0 0 1 0 0 0 0 1 0 0 1 0 0 1 1 0 0 0 1 1 0 0 0 1 1 1 0 1 0 1 0 1 1 0 0 1 1 0 1 0 1 1 1 1 0 0 1 0 1 0 1 1 1 1 1 0 1 0 1 0 0 1 0 1 0 0 1 0
10	1 1 1 0 0 0 1 0 1 0 0 1 1 1 0 0 0 0 1 0 1 1 1 1 1 1 1 0 1 1 0 1 0 0 1 1 1 1 0 1 1 1 0 1 1 1 1 0 1 1 0 1 0 1 0 1 1 0 0 1 0 0 1 0 1 0 0 0 0 1 1 0 0 1 1 1 1 0 0 1 1 0 1 1 0 1 1 1 0 0 1 0 1 0 1 1 0 0 0 0
11	1 1 0 1 1 1 0 1 1 0 0 1 0 1 1 1 1 1 1 1 0 1 1 1 1 0 0 0 0 1 0 0 1 1 0 1 0 0 0 0 0 0 1 1 1 1 1 1 0 1 1 1 0 0 0 0 0 1 0 0 1 1 1 1 1 0 1 0 0 0 1 0 1 1 0 0 0 0 0 0 1 1 1 0 0 1 1 1 0 0 0 0 1 1 1 1 1 0 0 0
12	0 0 0 0 0 0 0 1 1 1 0 0 1 0 1 1 1 0 0 0 1 0 1 0 1 0 0 0 1 1 1 1 1 0 1 1 1 1 0 0 1 1 1 1 1 0 0 1 1 0 0 1 1 0 1 1 0 1 0 0 1 0 0 0 1 1 0 1 0 0 1 0 0 0 1 1 1 1 0 1 1 0 1 0 1 1 0 1 0 0 0 1 0 1 0 0 1 0 0 0
13	1 1 0 0 1 0 1 0 0 0 0 1 1 0 1 1 0 0 1 0 0 1 1 0 0 1 1 0 1 0 0 0 0 0 0 0 0 1 0 1 0 0 0 0 0 0 0 0 1 0 0 0 1 0 0 1 1 0 0 1 0 1 1 0 1 1 0 1 0 1 1 0 1 1 0 1 1 0 0 1 1 0 0 0 1 0 0 0 1 0 0 1 0 1 0 1 0 0 0 1
14	1 1 0 1 0 0 0 1 0 0 0 1 0 1 0 0 1 0 1 1 1 0 0 1 0 0 0 0 1 1 0 1 0 1 1 0 1 1 0 0 1 1 1 1 1 0 1 1 0 0 1 1 1 0 0 1 1 0 1 0 0 1 1 1 1 0 0 0 1 0 0 0 1 1 0 1 1 1 0 0 1 0 1 1 0 0 1 0 1 0 0 1 1 0 1 0 0 1 0 0
15	1 1 1 1 1 0 1 1 0 0 1 0 1 1 1 1 0 1 0 1 1 1 1 0 0 0 0 1 0 1 1 1 1 1 0 1 1 0 0 1 1 0 1 1 0 1 0 1 1 0 1 0 0 1 1 1 0 1 0 1 1 1 1 1 1 1 0 1 0 1 0 0 1 1 0 0 1 1 1 1 1 1 1 1 0 1 1 0 1 0 0 0 1 0 0 0 0 1 0 0
16	0 1 0 0 1 0 1 0 1 0 0 0 0 0 1 1 1 0 0 1 1 0 1 0 1 0 1 1 1 1 0 1 1 1 1 0 1 0 1 0 1 1 0 0 0 1 1 1 1 1 1 0 1 0 0 1 1 0 0 0 0 0 1 0 0 1 0 0 0 1 1 0 1 0 1 0 0 0 0 0 1 0 1 0 0 1 0 0 1 0 1 1 0 1 1 0 0 0 0 1
17	1 0 1 1 0 0 1 1 0 1 0 1 1 1 0 1 1 0 1 0 0 1 0 0 1 1 0 1 0 0 0 1 0 1 1 0 1 0 0 1 0 0 1 1 1 1 1 0 1 1 0 0 0 0 1 1 0 1 0 1 0 1 1 0 0 0 1 0 1 1 1 1 0 0 1 0 0 0 1 1 1 0 1 1 0 1 1 1 1 1 0 1 0 0 1 1 0 1 0 1
18	0 1 1 1 0 1 0 1 1 0 0 1 1 0 1 0 0 0 0 0 1 0 1 1 1 0 0 1 0 1 0 1 0 0 0 0 1 1 1 1 1 1 0 0 0 1 0 0 0 1 1 1 1 0 0 1 0 1 1 0 1 1 0 0 1 0 0 0 0 1 1 1 1 1 1 1 0 1 0 0 0 1 1 1 0 0 0 1 0 1 0 0 1 1 0 0 1 1 1 1
19	1 1 1 1 0 0 1 1 1 1 0 0 1 0 1 0 1 1 0 0 0 0 1 1 0 0 0 0 0 0 0 1 0 0 1 1 1 1 0 1 0 1 1 1 1 1 0 1 1 1 1 0 1 1 0 1 1 0 0 1 0 0 0 1 1 0 0 1 1 0 1 1 0 1 1 0 1 1 0 0 1 0 1 1 0 1 1 1 0 0 0 1 0 0 1 1 1 0 0 0
20	1 1 0 1 0 1 1 1 0 0 1 1 0 1 1 0 0 1 0 1 0 0 1 1 1 0 1 1 0 0 0 1 0 0 1 1 1 1 1 1 0 0 1 1 0 1 0 0 1 1 1 1 0 0 1 1 1 0 1 1 0 0 1 1 0 0 0 0 1 1 1 0 1 0 1 1 0 0 1 1 0 0 1 1 0 0 1 0 0 0 1 1 0 1 1 0 1 1 1 1
21	1 0 0 0 0 1 0 1 0 1 0 1 1 0 0 0 0 1 0 0 1 0 1 1 1 0 1 1 0 0 1 0 1 0 1 0 0 1 0 0 1 1 0 0 0 1 0 1 1 1 0 0 1 1 0 1 1 1 1 1 0 1 0 1 0 1 0 0 1 0 0 1 0 1 1 0 1 1 1 0 0 1 1 1 0 0 0 0 0 1 1 1 1 1 1 1 0 1 0 1
22	1 1 1 1 0 0 0 1 1 0 1 0 1 0 1 1 1 1 0 1 1 0 1 1 0 0 1 1 1 0 0 1 1 1 1 1 0 1 1 0 1 0 1 1 1 1 1 1 0 0 0 0 1 0 1 0 1 0 1 0 0 0 0 0 0 1 0 1 0 1 1 0 1 1 0 0 0 1 0 0 1 0 0 0 0 0 1 1 1 1 1 1 1 1 1 0 0 0 1 1
23	0 0 1 1 0 1 0 1 0 0 0 1 0 1 1 1 1 0 1 0 1 1 0 0 0 0 1 1 0 0 0 0 1 0 1 1 0 1 1 0 1 1 0 0 0 1 0 0 1 1 0 1 1 0 0 0 0 0 1 0 0 1 0 0 0 1 1 1 0 1 0 0 0 0 0 0 0 0 0 1 1 0 1 0 0 1 1 0 1 1 1 0 1 0 1 1 1 0 1 0
24	1 0 1 1 1 0 1 1 0 0 1 0 0 0 0 0 1 1 1 0 0 0 1 1 1 1 0 1 1 0 0 0 0 0 1 1 1 0 0 1 1 1 1 1 0 0 0 0 0 1 1 1 0 1 1 1 0 1 1 0 1 0 1 0 0 1 0 0 0 1 0 0 1 1 1 0 0 0 0 1 0 0 1 0 0 1 0 1 1 1 1 0 1 1 0 1 0 1 0 0
25	0 0 0 0 1 1 1 0 1 1 1 1 0 1 1 1 0 0 1 0 1 1 1 0 1 1 1 1 0 1 1 0 0 1 1 0 0 0 1 1 0 1 1 1 1 0 1 0 1 0 0 1 0 0 0 1 1 0 0 0 1 0 0 1 0 0 1 1 1 1 1 1 0 0 0 0 0 0 0 1 1 1 0 1 0 0 0 0 0 1 1 1 0 0 0 0 0 0 0 0
26	1 0 0 1 1 0 1 0 0 0 0 0 1 1 1 0 1 0 1 1 0 1 1 1 1 0 1 0 1 0 1 1 0 0 0 1 0 0 1 1 0 1 1 1 0 0 1 1 0 1 0 0 0 0 1 0 1 0 0 1 0 0 1 1 1 0 1 1 1 1 0 0 0 1 0 0 1 1 0 1 1 1 1 1 0 1 0 1 0 1 1 1 0 0 1 1 0 1 0 1
27	1 0 0 1 1 0 1 1 0 0 1 1 1 1 0 1 0 1 0 0 1 0 1 0 0 1 1 0 1 0 1 0 0 0 0 0 1 1 1 1 0 1 0 1 1 1 0 1 1 0 1 1 0 1 0 0 1 0 0 1 1 1 0 0 1 1 1 0 1 0 1 1 1 1 1 0 0 1 0 0 1 1 0 1 1 1 1 0 0 1 1 0 1 1 1 1 0 1 1 0
28	0 1 1 1 0 0 0 0 0 0 0 1 1 1 1 1 1 0 1 1 0 1 0 0 0 0 1 0 0 0 0 0 0 1 1 0 0 0 0 1 1 1 0 0 0 0 0 0 1 1 1 1 1 1 1 0 1 1 0 0 1 0 1 1 1 0 1 0 0 0 0 1 1 1 0 0 1 0 1 1 1 0 1 0 0 0 0 1 0 1 1 0 1 0 0 0 1 1 0 0
29	1 0 1 0 1 1 1 1 0 0 1 0 1 1 1 0 1 0 1 1 0 1 1 0 0 0 0 0 0 0 0 1 0 1 1 1 1 0 0 0 0 1 1 0 1 1 1 0 1 0 1 0 0 0 0 1 1 0 1 0 1 1 0 0 0 1 0 0 0 1 1 0 1 1 0 1 1 0 1 0 0 1 0 0 1 0 0 0 0 1 0 0 1 1 0 1 0 0 0 1
30	1 0 0 1 1 0 1 0 1 0 0 1 0 1 1 1 1 1 0 0 1 1 0 1 0 1 1 0 0 1 0 1 1 0 1 1 1 1 1 0 0 1 0 1 1 1 1 1 0 1 1 1 0 1 0 1 0 0 1 1 1 1 0 1 1 0 1 1 1 1 1 0 0 1 1 0 1 1 0 0 0 0 0 0 0 1 1 1 1 0 0 1 1 0 1 0 1 0 1 1
31	1 1 0 1 1 0 0 0 1 0 0 1 0 1 1 0 1 1 1 1 1 1 0 1 0 0 0 1 0 1 0 0 1 0 1 0 0 1 1 1 1 0 1 1 1 0 1 1 1 1 0 0 0 0 1 0 1 0 1 0 0 0 0 1 0 1 1 1 0 1 0 1 1 1 0 0 0 1 1 0 1 1 0 0 0 0 0 0 0 1 1 0 1 1 0 1 0 1 1 0
32	1 1 0 0 0 1 0 0 0 0 0 1 1 1 1 1 1 0 0 1 1 1 0 1 1 1 0 1 1 0 1 1 1 1 0 1 0 0 1 0 0 0 0 1 0 0 1 0 1 0 1 1 0 1 0 0 1 0 0 1 1 0 1 1 0 1 1 0 0 0 0 0 1 0 0 1 0 0 1 0 0 1 1 0 0 0 0 1 1 0 0 1 1 1 0 1 0 1 1 1
33	1 0 1 0 0 0 1 0 0 1 1 1 1 1 0 0 0 0 0 0 1 0 1 0 1 0 0 1 1 0 1 1 0 0 0 0 0 1 1 1 0 0 0 1 1 1 0 1 1 1 1 0 1 0 0 0 0 1 1 1 1 1 1 1 0 0 0 0 0 1 1 1 0 0 0 0 0 0 0 1 1 1 0 0 1 0 1 1 1 0 0 1 1 0 0 0 0 1 0 1
34	1 1 1 1 0 1 1 1 0 0 0 1 0 1 0 1 0 0 0 1 0 0 1 0 1 0 1 1 0 1 0 1 1 1 1 1 1 0 0 0 0 0 1 1 1 0 0 0 1 1 0 1 1 1 0 0 0 1 0 1 0 0 1 0 1 1 0 1 0 1 1 1 1 1 0 1 0 1 1 0 1 0 0 0 0 1 1 0 0 1 0 0 0 1 0 0 1 1 1 0
35	1 0 0 0 0 1 0 0 1 0 1 1 1 1 1 0 1 0 0 0 1 1 1 1 0 1 0 1 1 1 0 1 0 1 0 1 1 1 0 0 1 1 1 1 1 1 0 0 1 1 1 1 1 1 1 0 1 0 1 1 0 1 1 1 0 0 0 0 1 0 0 0 0 1 1 1 1 0 1 1 1 0 0 1 0 1 0 0 1 1 1 1 1 0 1 0 0 0 1 1
36	0 1 0 1 0 1 0 1 1 1 0 1 0 0 0 0 0 0 1 1 1 0 0 0 1 0 1 0 0 1 0 0 1 1 0 1 0 0 1 1 0 0 0 1 0 1 0 0 0 1 0 1 0 0 0 0 0 0 0 0 0 0 0 0 1 0 0 1 0 1 1 0 1 0 0 0 1 0 0 0 0 0 0 0 1 1 0 1 0 1 0 1 1 0 1 1 0 0 1 0
37	0 0 0 0 1 1 1 1 1 1 0 1 1 1 1 0 1 1 0 1 1 0 1 1 1 1 1 1 0 1 1 0 1 0 0 0 1 1 0 0 1 1 1 1 1 0 0 0 1 0 1 0 0 1 1 1 1 0 0 0 0 0 1 1 0 1 1 0 1 0 0 1 0 1 1 0 0 1 1 1 0 1 1 1 1 0 1 1 1 1 0 0 1 0 0 1 1 0 0 1
38	1 0 0 0 1 1 0 1 0 1 1 1 1 1 1 1 0 1 1 0 0 0 1 1 0 1 1 0 1 1 0 0 1 1 0 0 0 0 0 0 0 1 1 0 1 0 0 0 0 0 0 0 1 1 1 0 1 1 0 0 0 0 0 0 0 0 0 1 1 1 0 0 1 1 1 0 0 1 1 0 0 0 1 0 0 1 0 0 1 1 1 0 1 0 1 1 0 0 0 0
39	1 0 1 0 1 0 0 1 0 1 0 0 1 1 0 1 0 1 1 1 1 1 0 0 1 1 1 1 0 0 1 0 1 1 0 0 1 0 0 0 1 1 1 0 1 1 0 1 0 0 0 0 1 1 1 1 0 0 1 1 0 1 0 0 1 1 1 1 0 1 1 0 0 0 0 0 0 0 0 0 0 1 1 0 0 0 0 0 0 0 0 1 1 1 0 0 0 0 0 0
40	1 1 0 1 1 0 1 0 1 1 0 0 0 1 1 1 0 1 0 0 1 0 1 1 1 0 0 0 0 1 0 1 1 0 1 0 0 0 0 1 1 0 1 0 0 0 0 1 1 1 1 1 0 0 1 0 0 1 0 1 1 1 1 1 1 0 0 1 0 1 0 1 1 1 1 0 0 1 1 0 1 0 1 1 1 1 1 1 0 0 0 1 1 0 0 0 0 1 0 1
41	1 0 1 1 1 1 1 1 0 0 0 0 0 0 0 1 1 0 1 0 0 0 1 0 1 0 0 1 0 0 1 1 1 1 0 1 1 0 0 0 1 1 0 0 1 0 0 0 0 0 0 0 1 0 0 0 0 0 1 1 0 1 0 1 1 0 0 1 0 1 1 0 0 0 1 1 0 0 0 1 0 0 0 1 0 1 0 0 1 1 1 0 0 1 1 1 0 0 0 1
42	1 1 0 1 0 0 0 0 1 1 1 1 1 1 0 1 0 0 1 0 0 1 0 1 1 1 0 0 1 0 1 1 0 1 0 0 1 0 1 1 1 1 0 1 0 1 0 0 0 0 0 1 1 1 1 0 0 1 0 0 0 0 0 1 1 0 0 1 0 0 1 1 1 1 0 0 1 0 0 0 0 1 1 0 0 1 1 1 1 0 0 1 1 0 0 1 1 0 1 1
43	1 0 1 1 1 1 0 1 1 0 0 0 1 0 1 0 0 0 0 0 0 1 0 0 0 1 1 1 0 0 0 0 0 1 0 1 0 0 0 1 1 0 0 0 1 1 0 1 0 1 1 1 0 0 1 1 1 0 1 0 0 0 0 1 1 1 0 0 1 1 0 1 0 0 0 1 0 0 1 1 1 1 1 0 0 0 0 0 1 1 1 0 1 1 1 1 1 0 0 0
44	1 0 0 0 0 0 1 1 0 0 0 1 0 0 0 1 1 1 1 1 1 1 0 1 1 0 1 0 0 0 0 1 0 0 0 0 1 0 1 1 1 0 0 0 0 0 1 0 1 1 1 1 1 1 0 1 0 1 1 0 1 1 1 0 1 1 0 0 1 1 0 0 0 1 0 1 0 0 0 0 0 1 1 1 0 0 1 0 0 0 1 1 1 0 1 1 0 1 1 1
45	1 1 0 0 0 0 0 1 1 1 1 1 1 0 1 0 0 0 1 1 0 1 0 1 1 1 0 0 1 0 1 0 0 0 1 0 1 1 0 1 1 1 1 1 0 1 0 1 0 1 1 1 0 0 0 1 1 0 1 1 1 1 0 1 0 0 0 0 1 1 1 1 1 0 0 1 1 0 1 1 0 0 0 0 0 0 0 1 0 0 1 1 0 1 0 1 0 1 0 1
46	0 0 1 0 0 1 1 0 0 1 1 1 0 0 1 0 1 1 0 0 1 1 1 1 1 1 0 1 1 0 1 0 0 1 1 1 1 1 0 0 1 0 1 1 1 1 1 1 1 0 0 0 1 1 0 0 1 1 0 0 1 1 0 1 0 1 1 0 1 1 0 1 1 0 0 0 1 0 0 1 0 1 1 0 1 1 1 0 1 1 0 1 0 1 0 0 1 1 0 0
47	1 0 1 0 0 0 1 1 0 0 1 0 0 1 0 0 0 0 1 0 1 1 1 1 0 1 0 1 1 1 0 1 1 1 1 0 1 0 0 0 1 0 0 1 1 0 0 1 1 0 0 1 1 0 1 1 1 1 1 1 1 0 0 0 1 1 1 1 1 0 0 0 0 1 1 1 1 1 0 0 0 0 0 1 1 0 0 1 0 1 0 1 1 0 1 1 0 0 1 1
48	1 1 0 1 1 0 1 0 1 1 0 0 1 0 1 1 0 1 1 0 1 0 1 0 0 0 0 1 0 1 1 0 1 1 1 1 1 1 0 1 0 0 0 0 1 0 0 0 0 0 1 1 0 0 0 1 1 0 0 0 0 1 0 0 1 0 1 1 0 1 1 1 1 1 0 0 0 1 1 1 0 0 0 0 1 0 1 1 1 0 0 0 1 1 0 0 0 0 1 1
49	1 0 1 1 0 1 1 0 1 0 0 0 0 0 0 1 1 1 1 0 0 0 0 0 0 0 0 0 1 0 1 1 0 0 0 0 0 0 0 1 1 1 0 1 1 0 0 0 1 0 0 1 0 0 0 1 0 1 0 0 0 0 0 0 1 0 1 0 0 0 0 0 1 1 0 0 0 1 1 1 0 1 0 1 1 1 1 0 0 0 0 0 0 0 0 0 0 0 0 1
50	1 0 1 1 1 0 1 0 0 1 1 1 1 0 1 0 0 1 0 0 1 1 1 0 0 1 0 1 0 0 0 0 1 1 1 1 1 0 0 0 0 1 1 0 0 0 0 1 1 1 1 1 0 1 1 0 1 0 1 0 1 1 0 0 1 1 0 0 1 0 0 1 0 1 1 0 0 0 0 1 1 0 1 0 0 0 0 0 0 1 1 0 0 0 1 1 0 0 0 1
51	0 0 1 1 0 0 1 1 0 0 0 1 0 1 1 0 1 0 1 0 0 1 1 1 0 1 1 1 0 0 1 0 1 0 1 0 0 1 1 0 1 0 1 0 0 1 1 1 0 1 0 1 0 0 0 0 0 1 1 1 1 0 0 0 0 1 1 1 0 0 1 0 1 0 1 0 0 1 1 1 1 0 0 1 1 1 1 0 1 0 0 1 0 1 0 0 1 1 1 0
52	1 0 1 1 1 1 0 0 1 1 0 0 1 1 0 1 0 1 0 1 1 1 0 1 0 1 1 0 0 0 1 1 0 0 0 0 0 1 0 1 1 1 1 1 1 0 1 0 1 0 0 0 1 0 1 1 0 0 0 0 1 1 0 0 0 1 0 1 1 0 1 0 1 0 1 0 1 1 0 0 1 0 0 1 0 0 0 0 0 1 0 1 0 0 1 1 0 0 1 0
53	0 1 1 0 0 1 0 0 1 1 0 0 1 1 1 0 1 0 0 1 1 1 1 0 0 0 1 1 1 1 0 1 1 0 1 0 0 0 1 0 0 1 1 1 1 1 0 0 1 1 1 1 1 1 0 0 0 1 0 1 1 0 1 0 1 1 1 1 1 0 0 0 1 1 1 0 0 0 1 1 1 1 1 0 0 1 0 1 0 1 0 1 1 1 1 0 0 0 0 1
54	1 1 1 0 1 1 1 0 0 0 0 0 0 1 1 0 0 1 0 0 1 0 0 1 0 0 1 1 1 0 1 0 1 0 1 0 1 1 1 0 0 0 1 0 0 0 1 0 0 1 1 1 0 1 0 1 1 0 1 0 0 1 0 0 0 1 1 0 1 0 0 0 1 1 1 1 0 1 0 1 1 0 0 1 0 0 1 0 0 1 1 1 0 1 0 0 1 0 0 1
55	1 1 1 0 1 0 1 0 1 0 0 1 1 0 0 0 1 1 0 0 0 0 0 1 1 1 1 1 1 1 0 0 0 0 0 1 1 1 1 0 1 1 1 1 0 1 0 1 1 1 1 1 0 0 1 0 0 1 1 1 0 0 1 1 1 0 0 0 0 1 1 0 1 1 0 0 0 0 1 1 0 0 1 1 1 0 1 1 0 1 0 1 0 1 0 1 0 0 1 1
56	0 1 1 1 0 1 1 1 1 0 0 0 0 0 1 0 0 1 1 0 0 1 1 1 1 1 0 1 0 1 0 1 1 1 0 0 1 1 0 1 1 0 1 0 1 0 1 0 1 1 1 0 1 0 1 0 0 1 1 1 0 0 0 1 1 1 1 0 1 1 0 1 0 1 0 0 1 1 1 1 1 1 0 1 1 1 0 1 1 1 0 0 0 0 0 1 1 1 0 1
57	0 0 1 0 1 0 1 0 0 0 1 1 0 1 0 0 1 1 1 0 1 1 1 1 0 0 0 1 1 1 1 0 1 1 1 1 0 1 1 0 1 1 1 0 0 1 0 0 0 1 0 1 0 0 0 0 0 0 1 0 0 1 0 0 0 1 0 1 0 0 1 0 0 1 1 0 0 0 1 1 0 1 0 0 0 0 0 1 0 1 1 0 1 0 0 1 1 0 1 0
58	0 0 1 1 1 1 1 1 1 1 1 1 1 1 0 0 1 1 1 1 0 0 1 1 1 0 1 0 1 1 1 1 0 0 0 0 1 1 0 1 1 1 0 0 1 0 1 0 0 1 1 0 1 1 0 1 1 1 0 1 1 0 1 0 1 1 0 0 1 0 0 1 1 0 0 1 1 1 0 0 1 1 1 0 0 0 0 1 1 0 0 1 0 1 1 0 0 0 1 1
59	0 0 1 1 0 1 1 0 1 1 0 1 0 1 0 0 0 0 1 0 1 0 0 1 0 1 0 1 0 0 0 0 0 1 1 0 1 0 1 0 1 1 0 1 0 1 0 1 0 1 1 1 1 1 1 1 0 1 0 1 0 1 0 1 1 1 0 0 1 0 1 1 0 1 1 1 0 1 1 1 1 1 0 0 1 1 1 1 0 1 1 0 1 1 0 0 0 1 0 0
60	1 1 1 0 1 1 0 1 0 0 0 0 1 0 1 0 1 0 0 0 1 1 0 1 1 1 1 1 0 0 1 0 0 1 0 1 1 0 0 0 1 1 1 1 0 1 0 0 0 1 1 1 0 0 0 1 1 0 0 0 1 0 1 1 0 1 0 0 1 0 1 1 0 1 1 1 0 0 0 0 0 1 0 0 1 1 0 0 0 0 1 1 1 1 0 0 1 0 1 0
61	0 1 1 0 0 0 0 0 1 0 0 0 1 0 1 1 0 0 0 0 0 1 1 1 0 0 1 1 1 0 0 0 1 1 1 1 1 1 1 0 0 0 1 1 0 1 1 0 0 1 0 0 0 0 1 1 1 1 1 0 1 1 0 1 1 1 1 0 0 1 1 0 1 0 0 1 1 0 0 1 1 1 1 0 1 0 1 0 1 0 1 0 0 1 1 0 1 0 0 0
62	1 0 0 1 0 0 1 0 0 1 1 0 1 0 0 0 0 1 1 0 0 1 0 1 1 0 1 1 0 0 1 1 0 0 0 1 1 0 0 0 0 1 1 1 1 0 1 1 0 0 1 1 0 0 0 0 0 1 0 0 1 1 0 1 0 1 0 1 1 1 0 1 1 0 0 0 1 0 0 1 0 1 1 0 1 0 1 1 0 0 0 0 1 1 1 0 0 1 1 0
63	0 1 0 0 0 1 1 1 1 1 1 0 1 0 1 0 1 1 1 0 1 0 1 0 1 0 1 0 0 0 1 0 1 0 0 1 1 0 1 0 1 0 1 1 0 0 0 0 1 1 0 1 1 1 0 0 0 1 0 0 1 0 1 0 0 0 1 1 0 1 1 1 1 0 1 1 0 1 0 0 0 0 0 0 0 1 1 1 1 1 0 1 0 1 0 0 0 1 0 0
64	0 0 0 1 1 0 1 1 0 0 1 1 0 0 1 1 0 1 1 0 0 0 1 0 0 1 1 0 0 1 1 0 1 0 0 1 0 0 1 1 0 1 1 1 0 0 1 1 0 1 0 1 1 1 1 0 0 1 1 0 0 1 0 0 1 1 1 0 1 1 0 0 0 1 1 0 0 0 1 0 0 0 1 1 1 0 1 1 0 0 0 1 0 1 0 0 0 0 0 0
65	0 0 1 1 1 0 0 1 1 1 0 0 0 0 0 1 1 1 1 1 1 0 1 1 0 0 0 0 1 1 1 1 0 1 0 0 0 1 1 0 0 1 0 1 0 1 1 1 0 1 0 0 1 0 1 0 0 0 0 0 1 1 1 1 1 0 0 0 1 1 0 0 0 0 1 1 1 1 0 0 0 0 1 1 0 1 0 0 1 0 1 1 0 0 0 1 1 0 1 0
66	0 1 1 0 0 1 1 0 1 0 0 0 1 1 0 0 0 0 0 0 1 0 0 0 1 1 1 1 1 1 1 0 0 0 0 1 0 1 0 1 1 1 0 0 0 0 1 0 1 1 0 1 0 0 1 1 0 1 1 0 0 1 0 1 1 1 1 0 1 0 0 0 0 0 1 0 0 0 0 0 0 1 1 1 0 0 0 1 1 0 1 0 1 0 1 0 1 1 0 1
67	0 1 1 0 1 1 0 1 1 1 1 1 0 0 0 1 1 1 0 1 0 1 1 1 1 0 1 0 1 1 1 1 0 0 0 0 1 1 1 1 1 0 1 0 1 1 1 1 0 0 0 1 0 0 0 1 1 0 0 1 1 1 1 0 0 1 1 0 0 1 0 1 0 1 1 1 1 0 1 0 1 1 0 1 1 0 0 1 0 1 1 1 0 0 1 1 0 1 0 0
68	0 1 0 1 0 1 1 1 1 1 1 1 1 1 0 0 1 0 1 0 1 0 1 1 0 0 0 0 0 1 0 0 1 0 0 0 1 0 0 0 0 0 1 0 1 1 1 0 0 1 0 0 0 1 0 0 0 1 0 0 1 0 0 1 0 0 0 0 1 0 0 0 0 0 0 0 0 1 0 1 1 0 1 1 0 1 0 1 0 1 1 0 0 1 0 1 0 1 1 1
69	1 0 1 1 1 1 0 1 1 1 0 0 1 1 1 1 1 1 1 1 0 0 1 0 1 0 1 1 0 1 1 0 1 1 1 1 1 1 1 0 0 1 1 0 1 0 1 0 1 0 1 0 1 0 1 1 0 0 1 0 0 0 0 0 1 0 0 0 1 0 1 0 0 1 0 0 0 1 1 0 0 0 0 1 1 1 1 1 1 0 1 1 0 0 0 0 1 0 0 0
70	1 1 0 0 0 0 0 1 0 1 1 0 0 0 1 0 0 0 0 0 0 0 1 0 0 1 0 1 0 0 1 0 1 1 0 0 1 1 0 1 0 1 1 0 0 0 0 1 0 1 1 0 0 1 1 0 0 0 1 1 1 1 1 1 0 0 0 0 1 0 0 0 0 1 1 1 1 0 1 0 0 1 0 0 0 1 1 1 0 1 1 0 1 0 0 0 1 1 1 0
71	0 0 0 1 1 1 1 0 1 1 1 1 1 1 0 0 1 1 1 1 0 0 1 0 0 1 1 0 1 0 0 0 0 1 0 0 1 0 0 0 0 0 0 0 0 1 1 1 1 1 0 0 0 0 0 0 1 1 0 0 1 0 0 0 0 0 1 1 0 0 1 1 1 0 1 1 0 0 1 1 0 0 0 0 1 1 1 0 0 0 0 0 1 1 0 0 0 0 0 1
72	1 1 1 0 1 1 1 1 1 0 0 1 1 0 0 1 0 0 0 1 1 0 1 1 0 1 1 0 0 0 0 1 1 1 1 0 1 1 0 1 1 1 0 0 0 1 1 1 1 1 0 1 0 1 1 0 0 0 0 1 1 1 0 0 0 1 0 0 0 1 1 1 1 0 0 1 0 0 1 0 0 0 0 1 1 1 0 1 0 1 1 0 0 1 0 1 0 1 0 1
73	0 1 1 1 1 0 0 1 1 0 0 1 0 1 1 1 0 1 0 1 1 0 0 0 1 0 1 1 1 1 1 1 0 1 0 1 0 1 0 0 1 1 0 0 0 0 0 1 0 1 1 1 0 1 0 1 0 0 1 1 0 1 0 0 0 1 1 1 0 1 0 1 1 0 0 1 0 0 1 0 0 1 0 1 1 0 0 0 0 1 1 0 1 0 0 1 0 0 0 1
74	1 0 0 0 1 1 1 0 0 1 0 0 0 0 1 0 0 1 1 0 0 0 1 1 0 1 0 1 1 1 0 1 1 0 1 0 0 1 1 0 0 0 1 0 1 0 1 1 0 0 0 0 0 0 0 0 1 0 1 1 1 0 0 1 0 0 0 0 1 0 0 1 0 0 0 0 1 1 0 1 0 0 1 1 1 0 0 1 0 1 1 1 0 1 0 0 0 1 0 1
75	1 1 1 1 0 0 1 0 0 0 1 0 1 1 1 0 0 0 0 0 1 1 1 0 1 1 0 0 1 0 1 0 1 0 0 0 0 1 1 0 1 1 0 1 1 1 0 1 1 0 1 0 0 1 0 1 1 0 0 1 0 1 0 1 1 0 1 0 1 0 1 1 0 0 0 1 0 0 1 1 0 0 0 0 1 1 0 0 1 0 0 0 0 0 1 1 1 1 0 1
76	1 1 0 1 1 0 1 1 1 0 0 0 1 0 0 1 1 1 1 1 1 0 1 0 1 0 0 1 0 0 0 1 0 0 0 0 1 0 0 0 1 1 1 1 1 0 1 0 1 0 0 1 0 1 1 1 0 0 0 1 0 0 0 0 1 0 1 1 0 1 0 0 0 1 1 0 0 1 0 0 1 0 1 1 1 0 1 1 0 1 0 1 1 1 0 0 1 0 1 0
77	0 1 1 0 0 1 0 0 1 0 0 1 0 1 0 1 0 0 1 0 0 1 0 0 0 0 1 0 0 1 0 0 0 0 0 1 1 0 1 0 1 1 0 1 0 1 1 0 1 0 0 0 1 1 0 0 1 0 1 0 1 0 1 0 0 0 0 1 0 1 0 0 1 1 1 0 1 1 0 1 0 0 0 0 0 0 1 0 0 0 0 1 1 0 0 0 1 0 0 0
78	1 1 1 0 1 0 1 0 0 0 1 1 0 1 0 0 1 0 1 1 1 1 1 1 1 1 0 1 1 0 1 1 0 1 1 1 1 0 0 1 1 0 0 1 1 0 1 0 1 0 1 0 1 0 0 1 0 0 1 0 1 1 0 1 1 0 0 1 1 0 1 1 1 0 1 0 0 1 1 1 1 1 1 1 1 1 1 1 1 1 1 1 1 1 1 1 1 1 0 1
79	1 0 0 1 1 0 1 0 0 1 0 0 1 0 1 1 0 1 1 1 1 1 1 1 0 0 0 0 0 0 0 0 1 0 1 1 1 1 0 0 1 0 0 1 1 0 1 0 1 1 0 0 0 1 1 0 1 0 0 0 1 0 0 1 0 0 0 0 1 1 0 0 0 0 0 0 0 0 0 1 0 0 1 0 0 1 1 0 1 1 1 1 1 0 0 1 1 0 1 1
80	1 0 0 1 1 1 1 1 0 1 1 0 1 0 1 1 0 1 1 0 0 0 0 1 0 1 0 0 1 0 0 0 0 1 0 1 0 0 1 1 1 0 0 1 0 0 0 1 1 1 1 0 1 1 0 0 0 0 1 1 0 0 1 1 0 1 0 0 0 1 0 1 0 0 1 0 0 0 0 0 0 0 0 1 1 1 1 0 1 1 0 0 0 0 0 1 1 0 0 0
81	0 0 0 1 0 1 0 1 1 0 1 0 0 0 1 0 0 0 1 0 1 1 0 1 0 1 0 1 1 0 0 0 1 0 1 0 0 0 1 1 0 0 1 1 0 1 0 0 1 1 0 1 0 1 1 1 0 0 1 1 1 1 0 0 0 1 0 1 1 0 0 0 0 0 0 0 1 0 1 1 0 0 1 0 1 0 1 1 1 0 1 1 0 1 0 1 1 0 0 0
82	1 1 1 1 0 1 1 1 0 1 0 1 0 1 1 0 0 1 1 1 1 1 1 0 1 0 1 0 0 1 1 1 1 0 1 1 0 1 1 1 0 0 0 0 0 1 1 0 1 0 1 1 1 0 1 1 1 0 1 0 0 0 1 0 1 1 0 1 0 0 0 1 1 1 0 1 0 0 0 0 0 0 1 0 1 0 0 1 0 1 0 0 0 0 1 1 0 1 1 1
83	1 1 1 1 0 1 0 0 1 1 1 0 0 1 0 0 0 0 1 1 1 1 1 0 0 0 0 1 0 0 1 1 0 1 0 0 0 1 0 1 1 1 1 1 0 1 0 1 1 0 1 0 1 1 1 0 0 1 1 1 0 0 1 1 0 1 0 1 0 0 0 1 1 0 0 1 0 0 1 0 0 1 1 1 1 1 1 0 0 1 0 1 1 1 1 1 0 1 1 1
84	1 0 0 0 1 0 1 1 0 1 1 0 0 1 1 1 0 0 0 0 1 0 1 1 1 0 1 1 1 1 0 0 0 1 1 1 0 0 0 1 0 1 0 1 0 1 0 0 0 0 1 1 0 0 0 1 0 0 0 0 1 0 1 1 0 0 0 0 1 1 0 0 0 0 0 0 1 0 1 1 0 0 1 1 1 1 1 1 1 1 1 1 0 1 0 1 0 1 0 0
85	1 1 1 0 0 0 1 1 1 1 1 0 1 1 0 1 0 0 1 0 1 1 0 1 0 0 1 0 1 0 1 1 1 1 1 0 0 0 1 0 0 0 1 0 0 0 1 0 0 1 1 0 0 1 1 0 1 1 0 0 0 1 0 1 1 0 0 0 1 0 1 1 0 1 0 1 1 1 1 1 0 0 0 0 1 1 0 1 0 1 1 0 1 1 0 0 0 1 1 1
86	1 0 1 0 0 0 1 1 1 0 1 1 1 0 0 1 0 0 0 1 1 1 0 0 1 1 1 0 1 1 1 1 1 0 0 0 1 1 1 1 0 0 1 0 0 0 1 1 1 1 1 0 1 1 0 1 1 1 1 1 0 1 1 0 0 0 1 0 0 0 0 1 1 1 1 1 1 0 0 1 0 0 0 1 1 0 1 1 0 1 1 1 0 0 1 1 0 0 1 1
87	1 0 0 0 1 1 0 0 1 1 1 0 1 0 1 0 0 1 1 0 1 1 0 0 1 1 0 1 0 0 1 0 0 0 1 1 1 1 1 1 0 1 1 0 1 0 1 1 0 0 1 0 0 1 0 0 1 0 0 0 1 0 1 1 0 1 0 1 1 1 1 0 1 1 0 0 0 1 0 0 0 1 1 1 1 1 0 0 1 1 0 1 0 0 1 0 0 1 0 1
88	0 0 0 1 0 1 0 1 1 0 0 0 1 1 0 0 1 1 1 1 1 0 1 1 0 1 1 0 1 1 0 1 0 0 0 1 1 0 1 0 0 0 1 1 1 0 1 0 0 0 0 0 0 0 0 1 1 1 1 0 1 0 0 1 0 0 1 1 0 0 1 0 1 1 1 1 0 1 1 1 0 1 0 1 1 1 1 0 0 1 0 1 1 0 0 0 1 1 0 1
89	0 0 1 0 1 0 1 0 1 1 0 1 1 1 0 0 1 0 0 1 0 0 1 1 0 0 0 1 0 0 1 0 1 1 0 1 1 0 0 1 0 1 1 0 1 1 0 0 1 1 1 1 1 0 0 0 1 1 0 1 0 1 1 1 1 0 1 1 1 1 1 1 0 0 0 1 1 0 0 1 0 1 1 1 0 1 0 0 0 1 1 1 1 0 1 1 1 0 0 1
90	0 1 0 0 1 0 0 0 1 0 0 1 0 0 1 0 0 1 0 0 0 1 1 0 1 1 1 1 1 1 0 0 0 1 0 0 1 0 0 0 0 1 1 1 1 1 1 1 0 0 1 1 1 0 0 1 0 0 0 1 0 0 0 1 0 0 0 0 1 1 0 1 1 0 0 0 1 0 1 0 1 0 1 1 0 0 1 1 0 0 1 1 0 1 1 0 0 1 0 0
91	1 1 1 1 1 1 0 0 1 0 0 1 1 1 0 0 0 1 1 0 1 1 0 0 1 0 0 1 1 1 0 0 0 1 1 0 1 1 1 0 1 1 0 1 0 0 1 0 0 1 0 0 1 1 1 1 1 1 0 0 1 0 0 1 0 0 0 0 0 1 1 0 0 1 0 0 1 1 1 0 1 1 1 1 1 0 1 0 1 0 1 0 1 0 1 0 1 1 1 1
92	0 0 1 0 1 1 1 0 1 0 0 0 0 0 0 1 1 0 1 0 1 0 1 0 1 0 1 0 0 0 0 0 0 1 0 0 1 1 0 1 0 0 0 1 0 1 1 1 0 0 1 0 1 0 0 0 1 1 0 0 1 1 1 0 0 0 0 1 0 1 1 0 0 0 0 0 0 1 0 0 1 1 1 0 1 1 0 0 1 0 0 1 1 0 1 1 1 0 0 0
93	1 1 1 1 1 1 0 0 0 1 1 0 1 0 0 0 1 0 1 1 0 1 1 0 0 0 1 1 0 1 1 0 1 0 1 0 0 0 1 1 1 1 0 1 1 1 1 0 0 1 0 0 0 1 1 1 1 0 0 0 0 0 0 1 0 1 1 1 1 1 1 0 0 0 1 0 0 1 0 0 0 0 0 0 0 1 0 1 1 0 0 0 1 1 0 0 1 1 1 0
94	0 1 0 1 1 0 0 0 1 1 0 1 0 0 1 1 1 0 0 1 1 0 0 0 0 0 0 1 0 0 1 1 0 0 1 1 0 1 1 0 1 0 0 0 1 0 0 0 0 0 0 1 0 1 1 1 1 1 0 1 1 0 0 1 1 0 0 0 1 1 0 1 0 1 1 0 0 1 1 0 0 0 0 0 1 0 0 1 0 1 0 1 1 0 0 0 1 1 0 1
95	0 1 1 1 1 1 1 0 1 1 1 1 0 1 0 0 0 0 0 1 1 0 0 0 1 0 0 0 1 1 1 0 0 1 0 0 1 0 1 1 0 0 0 1 1 1 0 0 1 0 0 0 0 1 1 1 0 1 0 0 0 1 0 1 1 0 0 0 0 0 1 1 1 0 1 1 1 0 1 0 0 1 0 0 1 1 1 0 0 0 0 1 1 1 0 1 0 0 0 0
96	1 1 1 0 1 1 0 0 1 1 0 1 0 1 1 1 1 0 0 0 1 1 0 0 0 0 1 1 1 1 1 1 0 0 1 0 1 1 1 0 1 0 0 0 0 1 0 1 1 1 1 0 1 1 0 0 0 1 1 1 1 0 1 1 0 0 1 1 0 1 1 0 0 1 0 0 1 0 0 0 1 0 0 1 0 1 0 1 0 0 0 0 1 1 1 0 1 0 1 1
97	1 0 0 0 0 1 1 0 0 0 1 0 0 1 1 1 1 0 1 0 1 1 1 1 0 1 1 0 1 1 1 0 1 1 0 0 0 0 1 0 1 0 0 0 1 0 1 1 1 0 1 1 0 0 0 0 0 1 0 1 1 0 1 0 0 0 1 1 1 1 1 0 0 0 1 0 1 0 1 1 0 0 1 0 0 0 0 0 1 1 1 1 0 1 1 1 1 0 0 1
98	0 0 1 1 1 0 1 1 1 1 1 1 0 0 0 0 0 1 0 0 1 1 1 1 0 1 0 0 0 1 0 1 1 0 1 0 0 0 0 0 0 1 0 0 1 1 1 0 0 1 0 0 1 1 0 0 0 0 1 1 0 0 1 1 0 0 1 1 1 1 1 0 0 1 0 1 0 0 1 1 0 1 0 0 1 1 0 1 1 1 1 0 0 1 0 0 1 0 0 1
99	0 0 1 1 0 0 1 1 1 1 1 1 1 0 0 0 0 1 0 0 0 1 1 1 1 1 1 1 1 0 1 0 0 1 1 1 1 0 0 1 0 0 1 0 0 0 0 0 1 1 0 0 0 0 1 1 1 0 1 1 0 1 1 0 1 1 1 1 1 1 1 0 1 1 0 1 1 1 0 1 0 1 1 1 1 0 0 1 1 1 1 0 1 0 1 0 1 1 1 1